HSGTDomainScoreID,HSGTScoreID,HSGTDomainID,DomainRawScore,PossibleDomainRawScore
9784,2405,1,1.00,24.00
9785,2405,2,6.00,21.00
9786,2405,3,0.00,0.00
9787,2406,4,4.00,14.00
9788,2406,5,4.00,14.00
9789,2406,6,12.00,16.00
9790,2406,7,7.00,11.00
9791,2406,8,5.00,13.00
9792,2406,9,6.00,12.00
9793,2407,10,13.00,18.00
9794,2407,11,11.00,17.00
9795,2407,12,13.00,20.00
9796,2407,13,17.00,18.00
9797,2407,14,12.00,13.00
9798,2408,15,6.00,12.00
9799,2408,16,10.00,14.00
9800,2408,17,15.00,21.00
9801,2408,18,16.00,18.00
9802,2409,10,13.00,18.00
9803,2409,11,9.00,17.00
9804,2409,12,9.00,20.00
9805,2409,13,8.00,18.00
9806,2409,14,7.00,13.00
9807,2410,4,6.00,14.00
9808,2410,5,6.00,14.00
9809,2410,6,8.00,16.00
9810,2410,7,6.00,11.00
9811,2410,8,6.00,13.00
9812,2410,9,7.00,12.00
9813,2411,1,9.00,24.00
9814,2411,2,1.00,21.00
9815,2411,3,0.00,0.00
9816,2412,15,7.00,12.00
9817,2412,16,8.00,14.00
9818,2412,17,4.00,21.00
9819,2412,18,13.00,18.00
9820,2413,4,7.00,14.00
9821,2413,5,13.00,14.00
9822,2413,6,10.00,16.00
9823,2413,7,5.00,11.00
9824,2413,8,9.00,13.00
9825,2413,9,10.00,12.00
9826,2414,10,16.00,18.00
9827,2414,11,10.00,17.00
9828,2414,12,15.00,20.00
9829,2414,13,14.00,18.00
9830,2414,14,8.00,13.00
9831,2415,1,14.00,24.00
9832,2415,2,9.00,21.00
9833,2415,3,0.00,0.00
9834,2416,15,7.00,12.00
9835,2416,16,7.00,14.00
9836,2416,17,15.00,21.00
9837,2416,18,16.00,18.00
9838,2417,10,4.00,18.00
9839,2417,11,12.00,17.00
9840,2417,12,6.00,20.00
9841,2417,13,6.00,18.00
9842,2417,14,7.00,13.00
9843,2418,15,4.00,12.00
9844,2418,16,2.00,14.00
9845,2418,17,3.00,21.00
9846,2418,18,4.00,18.00
9847,2419,4,11.00,14.00
9848,2419,5,11.00,14.00
9849,2419,6,9.00,16.00
9850,2419,7,8.00,11.00
9851,2419,8,8.00,13.00
9852,2419,9,6.00,12.00
9853,2420,1,12.00,24.00
9854,2420,2,16.00,21.00
9855,2420,3,0.00,0.00
9856,2421,10,6.00,18.00
9857,2421,11,1.00,17.00
9858,2421,12,8.00,20.00
9859,2421,13,5.00,18.00
9860,2421,14,3.00,13.00
9861,2422,10,8.00,18.00
9862,2422,11,3.00,17.00
9863,2422,12,3.00,20.00
9864,2422,13,2.00,18.00
9865,2422,14,1.00,13.00
9866,2423,10,8.00,18.00
9867,2423,11,2.00,17.00
9868,2423,12,3.00,20.00
9869,2423,13,4.00,18.00
9870,2423,14,5.00,13.00
9871,2424,4,6.00,14.00
9872,2424,5,3.00,14.00
9873,2424,6,6.00,16.00
9874,2424,7,3.00,11.00
9875,2424,8,1.00,13.00
9876,2424,9,2.00,12.00
9877,2425,15,3.00,12.00
9878,2425,16,4.00,14.00
9879,2425,17,6.00,21.00
9880,2425,18,5.00,18.00
9881,2426,1,11.00,24.00
9882,2426,2,3.00,21.00
9883,2426,3,0.00,0.00
9884,2427,10,7.00,18.00
9885,2427,11,7.00,17.00
9886,2427,12,8.00,20.00
9887,2427,13,4.00,18.00
9888,2427,14,9.00,13.00
9889,2428,15,5.00,12.00
9890,2428,16,7.00,14.00
9891,2428,17,10.00,21.00
9892,2428,18,12.00,18.00
9893,2429,1,15.00,24.00
9894,2429,2,4.00,21.00
9895,2429,3,0.00,0.00
9896,2430,4,12.00,14.00
9897,2430,5,12.00,14.00
9898,2430,6,14.00,16.00
9899,2430,7,9.00,11.00
9900,2430,8,10.00,13.00
9901,2430,9,9.00,12.00
9902,2431,10,7.00,18.00
9903,2431,11,7.00,17.00
9904,2431,12,8.00,20.00
9905,2431,13,5.00,18.00
9906,2431,14,4.00,13.00
9907,2432,4,7.00,14.00
9908,2432,5,7.00,14.00
9909,2432,6,8.00,16.00
9910,2432,7,6.00,11.00
9911,2432,8,7.00,13.00
9912,2432,9,5.00,12.00
9913,2433,15,4.00,12.00
9914,2433,16,4.00,14.00
9915,2433,17,5.00,21.00
9916,2433,18,5.00,18.00
9917,2434,1,4.00,24.00
9918,2434,2,15.00,21.00
9919,2434,3,0.00,0.00
9920,2435,10,5.00,18.00
9921,2435,11,6.00,17.00
9922,2435,12,7.00,20.00
9923,2435,13,7.00,18.00
9924,2435,14,5.00,13.00
9925,2436,10,3.00,18.00
9926,2436,11,2.00,17.00
9927,2436,12,2.00,20.00
9928,2436,13,2.00,18.00
9929,2436,14,2.00,13.00
9930,2437,10,6.00,18.00
9931,2437,11,7.00,17.00
9932,2437,12,9.00,20.00
9933,2437,13,3.00,18.00
9934,2437,14,1.00,13.00
9935,2438,15,5.00,12.00
9936,2438,16,5.00,14.00
9937,2438,17,8.00,21.00
9938,2438,18,2.00,18.00
9939,2439,4,6.00,14.00
9940,2439,5,6.00,14.00
9941,2439,6,3.00,16.00
9942,2439,7,1.00,11.00
9943,2439,8,3.00,13.00
9944,2439,9,2.00,12.00
9945,2440,1,1.00,24.00
9946,2440,2,9.00,21.00
9947,2440,3,0.00,0.00
9948,2441,1,5.00,24.00
9949,2441,2,4.00,21.00
9950,2441,3,0.00,0.00
9951,2442,4,9.00,14.00
9952,2442,5,9.00,14.00
9953,2442,6,9.00,16.00
9954,2442,7,6.00,11.00
9955,2442,8,9.00,13.00
9956,2442,9,8.00,12.00
9957,2443,10,10.00,18.00
9958,2443,11,12.00,17.00
9959,2443,12,13.00,20.00
9960,2443,13,12.00,18.00
9961,2443,14,8.00,13.00
9962,2444,15,8.00,12.00
9963,2444,16,12.00,14.00
9964,2444,17,18.00,21.00
9965,2444,18,14.00,18.00
9966,2445,10,4.00,18.00
9967,2445,11,11.00,17.00
9968,2445,12,14.00,20.00
9969,2445,13,12.00,18.00
9970,2445,14,7.00,13.00
9971,2446,4,10.00,14.00
9972,2446,5,9.00,14.00
9973,2446,6,5.00,16.00
9974,2446,7,4.00,11.00
9975,2446,8,5.00,13.00
9976,2446,9,4.00,12.00
9977,2447,1,7.00,24.00
9978,2447,2,4.00,21.00
9979,2447,3,0.00,0.00
9980,2448,15,7.00,12.00
9981,2448,16,8.00,14.00
9982,2448,17,12.00,21.00
9983,2448,18,14.00,18.00
9984,2449,4,10.00,14.00
9985,2449,5,9.00,14.00
9986,2449,6,10.00,16.00
9987,2449,7,6.00,11.00
9988,2449,8,8.00,13.00
9989,2449,9,10.00,12.00
9990,2450,10,9.00,18.00
9991,2450,11,15.00,17.00
9992,2450,12,18.00,20.00
9993,2450,13,16.00,18.00
9994,2450,14,7.00,13.00
9995,2451,1,5.00,24.00
9996,2451,2,5.00,21.00
9997,2451,3,0.00,0.00
9998,2452,15,8.00,12.00
9999,2452,16,10.00,14.00
10000,2452,17,18.00,21.00
10001,2452,18,16.00,18.00
10002,2453,10,10.00,18.00
10003,2453,11,13.00,17.00
10004,2453,12,16.00,20.00
10005,2453,13,13.00,18.00
10006,2453,14,8.00,13.00
10007,2454,15,1.00,12.00
10008,2454,16,2.00,14.00
10009,2454,17,5.00,21.00
10010,2454,18,5.00,18.00
10011,2455,4,9.00,14.00
10012,2455,5,9.00,14.00
10013,2455,6,11.00,16.00
10014,2455,7,7.00,11.00
10015,2455,8,8.00,13.00
10016,2455,9,10.00,12.00
10017,2456,1,16.00,24.00
10018,2456,2,12.00,21.00
10019,2456,3,0.00,0.00
10020,2457,10,8.00,18.00
10021,2457,11,3.00,17.00
10022,2457,12,2.00,20.00
10023,2457,13,4.00,18.00
10024,2457,14,3.00,13.00
10025,2458,10,3.00,18.00
10026,2458,11,3.00,17.00
10027,2458,12,9.00,20.00
10028,2458,13,2.00,18.00
10029,2458,14,1.00,13.00
10030,2459,10,5.00,18.00
10031,2459,11,4.00,17.00
10032,2459,12,5.00,20.00
10033,2459,13,5.00,18.00
10034,2459,14,2.00,13.00
10035,2460,4,5.00,14.00
10036,2460,5,4.00,14.00
10037,2460,6,5.00,16.00
10038,2460,7,4.00,11.00
10039,2460,8,2.00,13.00
10040,2460,9,2.00,12.00
10041,2461,15,1.00,12.00
10042,2461,16,3.00,14.00
10043,2461,17,3.00,21.00
10044,2461,18,3.00,18.00
10045,2462,1,8.00,24.00
10046,2462,2,7.00,21.00
10047,2462,3,0.00,0.00
10048,2463,10,4.00,18.00
10049,2463,11,4.00,17.00
10050,2463,12,4.00,20.00
10051,2463,13,13.00,18.00
10052,2463,14,9.00,13.00
10053,2464,15,5.00,12.00
10054,2464,16,5.00,14.00
10055,2464,17,7.00,21.00
10056,2464,18,4.00,18.00
10057,2465,1,5.00,24.00
10058,2465,2,10.00,21.00
10059,2465,3,0.00,0.00
10060,2466,4,11.00,14.00
10061,2466,5,11.00,14.00
10062,2466,6,13.00,16.00
10063,2466,7,10.00,11.00
10064,2466,8,12.00,13.00
10065,2466,9,7.00,12.00
10066,2467,10,9.00,18.00
10067,2467,11,7.00,17.00
10068,2467,12,8.00,20.00
10069,2467,13,12.00,18.00
10070,2467,14,7.00,13.00
10071,2468,4,6.00,14.00
10072,2468,5,6.00,14.00
10073,2468,6,6.00,16.00
10074,2468,7,4.00,11.00
10075,2468,8,5.00,13.00
10076,2468,9,5.00,12.00
10077,2469,15,4.00,12.00
10078,2469,16,4.00,14.00
10079,2469,17,7.00,21.00
10080,2469,18,6.00,18.00
10081,2470,1,11.00,24.00
10082,2470,2,9.00,21.00
10083,2470,3,0.00,0.00
10084,2471,10,8.00,18.00
10085,2471,11,6.00,17.00
10086,2471,12,8.00,20.00
10087,2471,13,2.00,18.00
10088,2471,14,1.00,13.00
10089,2472,10,3.00,18.00
10090,2472,11,3.00,17.00
10091,2472,12,4.00,20.00
10092,2472,13,3.00,18.00
10093,2472,14,4.00,13.00
10094,2473,10,6.00,18.00
10095,2473,11,4.00,17.00
10096,2473,12,6.00,20.00
10097,2473,13,8.00,18.00
10098,2473,14,5.00,13.00
10099,2474,15,2.00,12.00
10100,2474,16,2.00,14.00
10101,2474,17,3.00,21.00
10102,2474,18,1.00,18.00
10103,2475,4,1.00,14.00
10104,2475,5,1.00,14.00
10105,2475,6,4.00,16.00
10106,2475,7,2.00,11.00
10107,2475,8,4.00,13.00
10108,2475,9,4.00,12.00
10109,2476,1,1.00,24.00
10110,2476,2,8.00,21.00
10111,2476,3,0.00,0.00
10112,2477,10,4.00,18.00
10113,2477,11,8.00,17.00
10114,2477,12,12.00,20.00
10115,2477,13,10.00,18.00
10116,2477,14,7.00,13.00
10117,2478,4,10.00,14.00
10118,2478,5,10.00,14.00
10119,2478,6,11.00,16.00
10120,2478,7,7.00,11.00
10121,2478,8,8.00,13.00
10122,2478,9,8.00,12.00
10123,2479,15,6.00,12.00
10124,2479,16,7.00,14.00
10125,2479,17,9.00,21.00
10126,2479,18,11.00,18.00
10127,2480,1,23.00,24.00
10128,2480,2,13.00,21.00
10129,2480,3,0.00,0.00
10130,2481,10,4.00,18.00
10131,2481,11,4.00,17.00
10132,2481,12,5.00,20.00
10133,2481,13,4.00,18.00
10134,2481,14,2.00,13.00
10135,2482,10,3.00,18.00
10136,2482,11,5.00,17.00
10137,2482,12,7.00,20.00
10138,2482,13,6.00,18.00
10139,2482,14,4.00,13.00
10140,2483,10,1.00,18.00
10141,2483,11,1.00,17.00
10142,2483,12,8.00,20.00
10143,2483,13,7.00,18.00
10144,2483,14,5.00,13.00
10145,2484,15,3.00,12.00
10146,2484,16,3.00,14.00
10147,2484,17,4.00,21.00
10148,2484,18,7.00,18.00
10149,2485,4,6.00,14.00
10150,2485,5,6.00,14.00
10151,2485,6,7.00,16.00
10152,2485,7,4.00,11.00
10153,2485,8,5.00,13.00
10154,2485,9,3.00,12.00
10155,2486,4,5.00,14.00
10156,2486,5,4.00,14.00
10157,2486,6,7.00,16.00
10158,2486,7,2.00,11.00
10159,2486,8,2.00,13.00
10160,2486,9,4.00,12.00
10161,2487,15,2.00,12.00
10162,2487,16,1.00,14.00
10163,2487,17,1.00,21.00
10164,2487,18,7.00,18.00
10165,2488,4,1.00,14.00
10166,2488,5,1.00,14.00
10167,2488,6,1.00,16.00
10168,2488,7,2.00,11.00
10169,2488,8,3.00,13.00
10170,2488,9,3.00,12.00
10171,2489,1,7.00,24.00
10172,2489,2,5.00,21.00
10173,2489,3,0.00,0.00
10192,2494,4,7.00,14.00
10193,2494,5,7.00,14.00
10194,2494,6,11.00,16.00
10195,2494,7,7.00,11.00
10196,2494,8,8.00,13.00
10197,2494,9,7.00,12.00
10198,2495,10,14.00,18.00
10199,2495,11,13.00,17.00
10200,2495,12,16.00,20.00
10201,2495,13,14.00,18.00
10202,2495,14,10.00,13.00
10203,2496,1,4.00,24.00
10204,2496,2,15.00,21.00
10205,2496,3,0.00,0.00
10206,2497,15,7.00,12.00
10207,2497,16,7.00,14.00
10208,2497,17,14.00,21.00
10209,2497,18,12.00,18.00
10210,2498,10,10.00,18.00
10211,2498,11,13.00,17.00
10212,2498,12,16.00,20.00
10213,2498,13,14.00,18.00
10214,2498,14,4.00,13.00
10215,2499,4,4.00,14.00
10216,2499,5,6.00,14.00
10217,2499,6,2.00,16.00
10218,2499,7,1.00,11.00
10219,2499,8,1.00,13.00
10220,2499,9,4.00,12.00
10221,2500,15,6.00,12.00
10222,2500,16,8.00,14.00
10223,2500,17,12.00,21.00
10224,2500,18,14.00,18.00
10225,2501,1,9.00,24.00
10226,2501,2,2.00,21.00
10227,2501,3,0.00,0.00
10228,2502,10,7.00,18.00
10229,2502,11,11.00,17.00
10230,2502,12,11.00,20.00
10231,2502,13,13.00,18.00
10232,2502,14,9.00,13.00
10233,2503,4,7.00,14.00
10234,2503,5,7.00,14.00
10235,2503,6,11.00,16.00
10236,2503,7,7.00,11.00
10237,2503,8,8.00,13.00
10238,2503,9,9.00,12.00
10239,2504,1,18.00,24.00
10240,2504,2,15.00,21.00
10241,2504,3,0.00,0.00
10242,2505,15,11.00,12.00
10243,2505,16,12.00,14.00
10244,2505,17,11.00,21.00
10245,2505,18,10.00,18.00
10246,2506,4,4.00,14.00
10247,2506,5,4.00,14.00
10248,2506,6,3.00,16.00
10249,2506,7,2.00,11.00
10250,2506,8,2.00,13.00
10251,2506,9,3.00,12.00
10252,2507,1,3.00,24.00
10253,2507,2,1.00,21.00
10254,2507,3,0.00,0.00
10255,2508,10,11.00,18.00
10256,2508,11,10.00,17.00
10257,2508,12,12.00,20.00
10258,2508,13,14.00,18.00
10259,2508,14,10.00,13.00
10260,2509,15,6.00,12.00
10261,2509,16,7.00,14.00
10262,2509,17,19.00,21.00
10263,2509,18,16.00,18.00
10264,2510,10,10.00,18.00
10265,2510,11,9.00,17.00
10266,2510,12,10.00,20.00
10267,2510,13,9.00,18.00
10268,2510,14,6.00,13.00
10269,2511,4,11.00,14.00
10270,2511,5,11.00,14.00
10271,2511,6,15.00,16.00
10272,2511,7,10.00,11.00
10273,2511,8,11.00,13.00
10274,2511,9,10.00,12.00
10275,2512,1,13.00,24.00
10276,2512,2,11.00,21.00
10277,2512,3,0.00,0.00
10278,2513,15,10.00,12.00
10279,2513,16,11.00,14.00
10280,2513,17,15.00,21.00
10281,2513,18,13.00,18.00
10282,2514,10,13.00,18.00
10283,2514,11,6.00,17.00
10284,2514,12,5.00,20.00
10285,2514,13,8.00,18.00
10286,2514,14,5.00,13.00
10287,2515,4,11.00,14.00
10288,2515,5,7.00,14.00
10289,2515,6,14.00,16.00
10290,2515,7,10.00,11.00
10291,2515,8,7.00,13.00
10292,2515,9,6.00,12.00
10293,2516,1,5.00,24.00
10294,2516,2,4.00,21.00
10295,2516,3,0.00,0.00
10296,2517,15,10.00,12.00
10297,2517,16,11.00,14.00
10298,2517,17,19.00,21.00
10299,2517,18,9.00,18.00
10300,2518,4,3.00,14.00
10301,2518,5,3.00,14.00
10302,2518,6,4.00,16.00
10303,2518,7,2.00,11.00
10304,2518,8,2.00,13.00
10305,2518,9,4.00,12.00
10306,2519,10,4.00,18.00
10307,2519,11,12.00,17.00
10308,2519,12,14.00,20.00
10309,2519,13,6.00,18.00
10310,2519,14,5.00,13.00
10311,2520,15,4.00,12.00
10312,2520,16,6.00,14.00
10313,2520,17,9.00,21.00
10314,2520,18,12.00,18.00
10315,2521,1,7.00,24.00
10316,2521,2,6.00,21.00
10317,2521,3,0.00,0.00
10318,2522,10,7.00,18.00
10319,2522,11,6.00,17.00
10320,2522,12,8.00,20.00
10321,2522,13,3.00,18.00
10322,2522,14,3.00,13.00
10323,2523,1,10.00,24.00
10324,2523,2,9.00,21.00
10325,2523,3,0.00,0.00
10326,2524,4,7.00,14.00
10327,2524,5,7.00,14.00
10328,2524,6,11.00,16.00
10329,2524,7,7.00,11.00
10330,2524,8,7.00,13.00
10331,2524,9,9.00,12.00
10332,2525,15,8.00,12.00
10333,2525,16,4.00,14.00
10334,2525,17,4.00,21.00
10335,2525,18,8.00,18.00
10336,2526,4,4.00,14.00
10337,2526,5,4.00,14.00
10338,2526,6,7.00,16.00
10339,2526,7,4.00,11.00
10340,2526,8,4.00,13.00
10341,2526,9,4.00,12.00
10342,2527,10,4.00,18.00
10343,2527,11,4.00,17.00
10344,2527,12,3.00,20.00
10345,2527,13,6.00,18.00
10346,2527,14,3.00,13.00
10347,2528,10,1.00,18.00
10348,2528,11,4.00,17.00
10349,2528,12,4.00,20.00
10350,2528,13,4.00,18.00
10351,2528,14,2.00,13.00
10352,2529,4,4.00,14.00
10353,2529,5,4.00,14.00
10354,2529,6,5.00,16.00
10355,2529,7,4.00,11.00
10356,2529,8,5.00,13.00
10357,2529,9,5.00,12.00
10358,2530,10,2.00,18.00
10359,2530,11,1.00,17.00
10360,2530,12,1.00,20.00
10361,2530,13,1.00,18.00
10362,2530,14,2.00,13.00
10363,2531,4,4.00,14.00
10364,2531,5,4.00,14.00
10365,2531,6,7.00,16.00
10366,2531,7,4.00,11.00
10367,2531,8,4.00,13.00
10368,2531,9,1.00,12.00
10369,2532,1,6.00,24.00
10370,2532,2,3.00,21.00
10371,2532,3,0.00,0.00
10372,2533,15,3.00,12.00
10373,2533,16,4.00,14.00
10374,2533,17,1.00,21.00
10375,2533,18,4.00,18.00
10376,2534,10,3.00,18.00
10377,2534,11,5.00,17.00
10378,2534,12,9.00,20.00
10379,2534,13,7.00,18.00
10380,2534,14,12.00,13.00
10381,2535,10,1.00,18.00
10382,2535,11,1.00,17.00
10383,2535,12,1.00,20.00
10384,2535,13,11.00,18.00
10385,2535,14,2.00,13.00
10386,2536,10,5.00,18.00
10387,2536,11,5.00,17.00
10388,2536,12,3.00,20.00
10389,2536,13,8.00,18.00
10390,2536,14,5.00,13.00
10391,2537,1,3.00,24.00
10392,2537,2,9.00,21.00
10393,2537,3,0.00,0.00
10394,2538,15,5.00,12.00
10395,2538,16,6.00,14.00
10396,2538,17,4.00,21.00
10397,2538,18,6.00,18.00
10398,2539,10,8.00,18.00
10399,2539,11,3.00,17.00
10400,2539,12,2.00,20.00
10401,2539,13,1.00,18.00
10402,2539,14,2.00,13.00
10403,2540,4,5.00,14.00
10404,2540,5,5.00,14.00
10405,2540,6,4.00,16.00
10406,2540,7,4.00,11.00
10407,2540,8,4.00,13.00
10408,2540,9,4.00,12.00
10409,2541,15,1.00,12.00
10410,2541,16,3.00,14.00
10411,2541,17,3.00,21.00
10412,2541,18,3.00,18.00
10413,2542,15,4.00,12.00
10414,2542,16,5.00,14.00
10415,2542,17,5.00,21.00
10416,2542,18,7.00,18.00
10417,2543,10,1.00,18.00
10418,2543,11,1.00,17.00
10419,2543,12,4.00,20.00
10420,2543,13,3.00,18.00
10421,2543,14,5.00,13.00
10422,2544,15,5.00,12.00
10423,2544,16,2.00,14.00
10424,2544,17,2.00,21.00
10425,2544,18,5.00,18.00
10426,2545,1,10.00,24.00
10427,2545,2,5.00,21.00
10428,2545,3,0.00,0.00
10429,2546,10,3.00,18.00
10430,2546,11,5.00,17.00
10431,2546,12,7.00,20.00
10432,2546,13,6.00,18.00
10433,2546,14,4.00,13.00
10434,2547,4,2.00,14.00
10435,2547,5,2.00,14.00
10436,2547,6,1.00,16.00
10437,2547,7,1.00,11.00
10438,2547,8,1.00,13.00
10439,2547,9,1.00,12.00
10440,2548,4,2.00,14.00
10441,2548,5,4.00,14.00
10442,2548,6,5.00,16.00
10443,2548,7,4.00,11.00
10444,2548,8,5.00,13.00
10445,2548,9,5.00,12.00
10446,2549,4,5.00,14.00
10447,2549,5,2.00,14.00
10448,2549,6,1.00,16.00
10449,2549,7,2.00,11.00
10450,2549,8,2.00,13.00
10451,2549,9,2.00,12.00
10452,2550,4,1.00,14.00
10453,2550,5,1.00,14.00
10454,2550,6,1.00,16.00
10455,2550,7,2.00,11.00
10456,2550,8,3.00,13.00
10457,2550,9,2.00,12.00
10458,2551,15,4.00,12.00
10459,2551,16,5.00,14.00
10460,2551,17,5.00,21.00
10461,2551,18,5.00,18.00
10462,2552,15,2.00,12.00
10463,2552,16,2.00,14.00
10464,2552,17,11.00,21.00
10465,2552,18,11.00,18.00
10466,2553,4,2.00,14.00
10467,2553,5,4.00,14.00
10468,2553,6,7.00,16.00
10469,2553,7,4.00,11.00
10470,2553,8,5.00,13.00
10471,2553,9,1.00,12.00
10472,2554,1,15.00,24.00
10473,2554,2,12.00,21.00
10474,2554,3,0.00,0.00
10475,2555,10,17.00,18.00
10476,2555,11,16.00,17.00
10477,2555,12,11.00,20.00
10478,2555,13,11.00,18.00
10479,2555,14,8.00,13.00
10480,2556,4,11.00,14.00
10481,2556,5,11.00,14.00
10482,2556,6,12.00,16.00
10483,2556,7,8.00,11.00
10484,2556,8,12.00,13.00
10485,2556,9,11.00,12.00
10486,2557,1,4.00,24.00
10487,2557,2,4.00,21.00
10488,2557,3,0.00,0.00
10489,2558,15,8.00,12.00
10490,2558,16,9.00,14.00
10491,2558,17,14.00,21.00
10492,2558,18,11.00,18.00
10493,2559,10,10.00,18.00
10494,2559,11,10.00,17.00
10495,2559,12,16.00,20.00
10496,2559,13,12.00,18.00
10497,2559,14,8.00,13.00
10498,2560,1,11.00,24.00
10499,2560,2,9.00,21.00
10500,2560,3,0.00,0.00
10501,2561,4,9.00,14.00
10502,2561,5,9.00,14.00
10503,2561,6,13.00,16.00
10504,2561,7,9.00,11.00
10505,2561,8,11.00,13.00
10506,2561,9,9.00,12.00
10507,2562,15,8.00,12.00
10508,2562,16,10.00,14.00
10509,2562,17,14.00,21.00
10510,2562,18,12.00,18.00
10511,2563,10,4.00,18.00
10512,2563,11,3.00,17.00
10513,2563,12,6.00,20.00
10514,2563,13,4.00,18.00
10515,2563,14,3.00,13.00
10516,2564,4,2.00,14.00
10517,2564,5,1.00,14.00
10518,2564,6,3.00,16.00
10519,2564,7,2.00,11.00
10520,2564,8,4.00,13.00
10521,2564,9,4.00,12.00
10522,2565,15,5.00,12.00
10523,2565,16,5.00,14.00
10524,2565,17,2.00,21.00
10525,2565,18,2.00,18.00
10526,2566,1,11.00,24.00
10527,2566,2,9.00,21.00
10528,2566,3,0.00,0.00
10529,2567,10,6.00,18.00
10530,2567,11,5.00,17.00
10531,2567,12,5.00,20.00
10532,2567,13,5.00,18.00
10533,2567,14,3.00,13.00
10534,2568,4,6.00,14.00
10535,2568,5,5.00,14.00
10536,2568,6,6.00,16.00
10537,2568,7,3.00,11.00
10538,2568,8,4.00,13.00
10539,2568,9,1.00,12.00
10540,2569,1,4.00,24.00
10541,2569,2,3.00,21.00
10542,2569,3,0.00,0.00
10543,2570,15,7.00,12.00
10544,2570,16,7.00,14.00
10545,2570,17,10.00,21.00
10546,2570,18,13.00,18.00
10547,2571,4,7.00,14.00
10548,2571,5,7.00,14.00
10549,2571,6,8.00,16.00
10550,2571,7,7.00,11.00
10551,2571,8,8.00,13.00
10552,2571,9,8.00,12.00
10553,2572,10,11.00,18.00
10554,2572,11,10.00,17.00
10555,2572,12,12.00,20.00
10556,2572,13,11.00,18.00
10557,2572,14,10.00,13.00
10558,2573,1,20.00,24.00
10559,2573,2,17.00,21.00
10560,2573,3,0.00,0.00
10561,2574,15,6.00,12.00
10562,2574,16,9.00,14.00
10563,2574,17,17.00,21.00
10564,2574,18,15.00,18.00
10565,2575,10,13.00,18.00
10566,2575,11,10.00,17.00
10567,2575,12,12.00,20.00
10568,2575,13,11.00,18.00
10569,2575,14,9.00,13.00
10570,2576,4,9.00,14.00
10571,2576,5,5.00,14.00
10572,2576,6,5.00,16.00
10573,2576,7,5.00,11.00
10574,2576,8,5.00,13.00
10575,2576,9,6.00,12.00
10576,2577,15,7.00,12.00
10577,2577,16,10.00,14.00
10578,2577,17,8.00,21.00
10579,2577,18,7.00,18.00
10580,2578,1,13.00,24.00
10581,2578,2,11.00,21.00
10582,2578,3,0.00,0.00
10583,2579,10,13.00,18.00
10584,2579,11,10.00,17.00
10585,2579,12,16.00,20.00
10586,2579,13,14.00,18.00
10587,2579,14,9.00,13.00
10588,2580,4,12.00,14.00
10589,2580,5,12.00,14.00
10590,2580,6,9.00,16.00
10591,2580,7,6.00,11.00
10592,2580,8,7.00,13.00
10593,2580,9,6.00,12.00
10594,2581,15,6.00,12.00
10595,2581,16,8.00,14.00
10596,2581,17,12.00,21.00
10597,2581,18,14.00,18.00
10598,2582,1,23.00,24.00
10599,2582,2,18.00,21.00
10600,2582,3,0.00,0.00
10601,2583,15,1.00,12.00
10602,2583,16,1.00,14.00
10603,2583,17,2.00,21.00
10604,2583,18,8.00,18.00
10605,2584,10,7.00,18.00
10606,2584,11,7.00,17.00
10607,2584,12,13.00,20.00
10608,2584,13,9.00,18.00
10609,2584,14,7.00,13.00
10610,2585,4,5.00,14.00
10611,2585,5,5.00,14.00
10612,2585,6,1.00,16.00
10613,2585,7,2.00,11.00
10614,2585,8,3.00,13.00
10615,2585,9,2.00,12.00
10616,2586,1,10.00,24.00
10617,2586,2,2.00,21.00
10618,2586,3,0.00,0.00
10619,2587,4,10.00,14.00
10620,2587,5,10.00,14.00
10621,2587,6,11.00,16.00
10622,2587,7,4.00,11.00
10623,2587,8,4.00,13.00
10624,2587,9,8.00,12.00
10625,2588,10,15.00,18.00
10626,2588,11,14.00,17.00
10627,2588,12,15.00,20.00
10628,2588,13,13.00,18.00
10629,2588,14,12.00,13.00
10630,2589,1,20.00,24.00
10631,2589,2,18.00,21.00
10632,2589,3,0.00,0.00
10633,2590,15,6.00,12.00
10634,2590,16,7.00,14.00
10635,2590,17,14.00,21.00
10636,2590,18,12.00,18.00
10637,2591,10,14.00,18.00
10638,2591,11,16.00,17.00
10639,2591,12,19.00,20.00
10640,2591,13,16.00,18.00
10641,2591,14,6.00,13.00
10642,2592,4,9.00,14.00
10643,2592,5,9.00,14.00
10644,2592,6,13.00,16.00
10645,2592,7,9.00,11.00
10646,2592,8,10.00,13.00
10647,2592,9,10.00,12.00
10648,2593,15,9.00,12.00
10649,2593,16,13.00,14.00
10650,2593,17,19.00,21.00
10651,2593,18,17.00,18.00
10652,2594,1,20.00,24.00
10653,2594,2,18.00,21.00
10654,2594,3,0.00,0.00
10655,2595,10,4.00,18.00
10656,2595,11,4.00,17.00
10657,2595,12,3.00,20.00
10658,2595,13,3.00,18.00
10659,2595,14,4.00,13.00
10660,2596,15,6.00,12.00
10661,2596,16,9.00,14.00
10662,2596,17,15.00,21.00
10663,2596,18,6.00,18.00
10664,2597,4,7.00,14.00
10665,2597,5,9.00,14.00
10666,2597,6,9.00,16.00
10667,2597,7,6.00,11.00
10668,2597,8,10.00,13.00
10669,2597,9,9.00,12.00
10670,2598,1,11.00,24.00
10671,2598,2,9.00,21.00
10672,2598,3,0.00,0.00
10673,2599,10,2.00,18.00
10674,2599,11,7.00,17.00
10675,2599,12,9.00,20.00
10676,2599,13,8.00,18.00
10677,2599,14,5.00,13.00
10678,2600,10,6.00,18.00
10679,2600,11,5.00,17.00
10680,2600,12,5.00,20.00
10681,2600,13,5.00,18.00
10682,2600,14,5.00,13.00
10683,2601,15,1.00,12.00
10684,2601,16,1.00,14.00
10685,2601,17,4.00,21.00
10686,2601,18,4.00,18.00
10687,2602,4,2.00,14.00
10688,2602,5,2.00,14.00
10689,2602,6,1.00,16.00
10690,2602,7,1.00,11.00
10691,2602,8,2.00,13.00
10692,2602,9,2.00,12.00
10693,2603,4,4.00,14.00
10694,2603,5,6.00,14.00
10695,2603,6,7.00,16.00
10696,2603,7,4.00,11.00
10697,2603,8,4.00,13.00
10698,2603,9,4.00,12.00
10699,2604,1,11.00,24.00
10700,2604,2,9.00,21.00
10701,2604,3,0.00,0.00
10702,2605,15,2.00,12.00
10703,2605,16,5.00,14.00
10704,2605,17,7.00,21.00
10705,2605,18,5.00,18.00
10706,2606,1,10.00,24.00
10707,2606,2,8.00,21.00
10708,2606,3,0.00,0.00
10709,2607,10,4.00,18.00
10710,2607,11,4.00,17.00
10711,2607,12,9.00,20.00
10712,2607,13,7.00,18.00
10713,2607,14,5.00,13.00
10714,2608,4,8.00,14.00
10715,2608,5,8.00,14.00
10716,2608,6,9.00,16.00
10717,2608,7,5.00,11.00
10718,2608,8,6.00,13.00
10719,2608,9,6.00,12.00
10720,2609,15,10.00,12.00
10721,2609,16,8.00,14.00
10722,2609,17,12.00,21.00
10723,2609,18,9.00,18.00
10724,2610,1,16.00,24.00
10725,2610,2,14.00,21.00
10726,2610,3,0.00,0.00
10727,2611,10,2.00,18.00
10728,2611,11,5.00,17.00
10729,2611,12,6.00,20.00
10730,2611,13,8.00,18.00
10731,2611,14,5.00,13.00
10732,2612,10,2.00,18.00
10733,2612,11,7.00,17.00
10734,2612,12,9.00,20.00
10735,2612,13,3.00,18.00
10736,2612,14,2.00,13.00
10737,2613,15,4.00,12.00
10738,2613,16,5.00,14.00
10739,2613,17,7.00,21.00
10740,2613,18,5.00,18.00
10741,2614,4,6.00,14.00
10742,2614,5,6.00,14.00
10743,2614,6,6.00,16.00
10744,2614,7,3.00,11.00
10745,2614,8,1.00,13.00
10746,2614,9,1.00,12.00
10747,2615,4,3.00,14.00
10748,2615,5,2.00,14.00
10749,2615,6,2.00,16.00
10750,2615,7,2.00,11.00
10751,2615,8,2.00,13.00
10752,2615,9,4.00,12.00
10753,2616,15,3.00,12.00
10754,2616,16,3.00,14.00
10755,2616,17,8.00,21.00
10756,2616,18,7.00,18.00
10757,2617,1,3.00,24.00
10758,2617,2,2.00,21.00
10759,2617,3,0.00,0.00
10760,2618,10,4.00,18.00
10761,2618,11,7.00,17.00
10762,2618,12,8.00,20.00
10763,2618,13,6.00,18.00
10764,2618,14,5.00,13.00
10765,2619,4,10.00,14.00
10766,2619,5,10.00,14.00
10767,2619,6,10.00,16.00
10768,2619,7,7.00,11.00
10769,2619,8,4.00,13.00
10770,2619,9,4.00,12.00
10771,2620,15,8.00,12.00
10772,2620,16,10.00,14.00
10773,2620,17,8.00,21.00
10774,2620,18,7.00,18.00
10775,2621,1,15.00,24.00
10776,2621,2,13.00,21.00
10777,2621,3,0.00,0.00
10778,2622,10,13.00,18.00
10779,2622,11,12.00,17.00
10780,2622,12,13.00,20.00
10781,2622,13,11.00,18.00
10782,2622,14,8.00,13.00
10783,2623,4,7.00,14.00
10784,2623,5,5.00,14.00
10785,2623,6,9.00,16.00
10786,2623,7,6.00,11.00
10787,2623,8,6.00,13.00
10788,2623,9,6.00,12.00
10789,2624,1,10.00,24.00
10790,2624,2,2.00,21.00
10791,2624,3,0.00,0.00
10792,2625,15,9.00,12.00
10793,2625,16,11.00,14.00
10794,2625,17,20.00,21.00
10795,2625,18,17.00,18.00
10796,2626,10,7.00,18.00
10797,2626,11,1.00,17.00
10798,2626,12,9.00,20.00
10799,2626,13,3.00,18.00
10800,2626,14,2.00,13.00
10801,2627,10,5.00,18.00
10802,2627,11,4.00,17.00
10803,2627,12,5.00,20.00
10804,2627,13,8.00,18.00
10805,2627,14,5.00,13.00
10806,2628,10,1.00,18.00
10807,2628,11,1.00,17.00
10808,2628,12,4.00,20.00
10809,2628,13,4.00,18.00
10810,2628,14,3.00,13.00
10811,2629,4,2.00,14.00
10812,2629,5,2.00,14.00
10813,2629,6,5.00,16.00
10814,2629,7,3.00,11.00
10815,2629,8,3.00,13.00
10816,2629,9,3.00,12.00
10817,2630,4,2.00,14.00
10818,2630,5,1.00,14.00
10819,2630,6,1.00,16.00
10820,2630,7,1.00,11.00
10821,2630,8,1.00,13.00
10822,2630,9,2.00,12.00
10823,2631,4,2.00,14.00
10824,2631,5,2.00,14.00
10825,2631,6,4.00,16.00
10826,2631,7,3.00,11.00
10827,2631,8,5.00,13.00
10828,2631,9,1.00,12.00
10829,2632,1,11.00,24.00
10830,2632,2,9.00,21.00
10831,2632,3,0.00,0.00
10832,2633,15,2.00,12.00
10833,2633,16,6.00,14.00
10834,2633,17,1.00,21.00
10835,2633,18,4.00,18.00
10836,2634,10,8.00,18.00
10837,2634,11,6.00,17.00
10838,2634,12,7.00,20.00
10839,2634,13,5.00,18.00
10840,2634,14,3.00,13.00
10841,2635,10,7.00,18.00
10842,2635,11,5.00,17.00
10843,2635,12,7.00,20.00
10844,2635,13,6.00,18.00
10845,2635,14,1.00,13.00
10846,2636,10,4.00,18.00
10847,2636,11,2.00,17.00
10848,2636,12,3.00,20.00
10849,2636,13,5.00,18.00
10850,2636,14,4.00,13.00
10851,2637,4,3.00,14.00
10852,2637,5,5.00,14.00
10853,2637,6,2.00,16.00
10854,2637,7,1.00,11.00
10855,2637,8,2.00,13.00
10856,2637,9,2.00,12.00
10857,2638,15,2.00,12.00
10858,2638,16,2.00,14.00
10859,2638,17,6.00,21.00
10860,2638,18,5.00,18.00
10861,2639,1,11.00,24.00
10862,2639,2,7.00,21.00
10863,2639,3,0.00,0.00
10864,2640,10,8.00,18.00
10865,2640,11,3.00,17.00
10866,2640,12,3.00,20.00
10867,2640,13,6.00,18.00
10868,2640,14,4.00,13.00
10869,2641,10,5.00,18.00
10870,2641,11,4.00,17.00
10871,2641,12,8.00,20.00
10872,2641,13,7.00,18.00
10873,2641,14,4.00,13.00
10874,2642,4,4.00,14.00
10875,2642,5,4.00,14.00
10876,2642,6,7.00,16.00
10877,2642,7,5.00,11.00
10878,2642,8,5.00,13.00
10879,2642,9,5.00,12.00
10880,2643,15,4.00,12.00
10881,2643,16,4.00,14.00
10882,2643,17,6.00,21.00
10883,2643,18,4.00,18.00
10884,2644,1,9.00,24.00
10885,2644,2,8.00,21.00
10886,2644,3,0.00,0.00
10887,2645,10,1.00,18.00
10888,2645,11,1.00,17.00
10889,2645,12,1.00,20.00
10890,2645,13,3.00,18.00
10891,2645,14,1.00,13.00
10892,2646,15,5.00,12.00
10893,2646,16,6.00,14.00
10894,2646,17,7.00,21.00
10895,2646,18,3.00,18.00
10896,2647,4,10.00,14.00
10897,2647,5,8.00,14.00
10898,2647,6,4.00,16.00
10899,2647,7,4.00,11.00
10900,2647,8,6.00,13.00
10901,2647,9,6.00,12.00
10902,2648,1,7.00,24.00
10903,2648,2,6.00,21.00
10904,2648,3,0.00,0.00
10905,2649,10,12.00,18.00
10906,2649,11,15.00,17.00
10907,2649,12,18.00,20.00
10908,2649,13,10.00,18.00
10909,2649,14,7.00,13.00
10910,2650,4,9.00,14.00
10911,2650,5,9.00,14.00
10912,2650,6,10.00,16.00
10913,2650,7,6.00,11.00
10914,2650,8,7.00,13.00
10915,2650,9,9.00,12.00
10916,2651,15,8.00,12.00
10917,2651,16,10.00,14.00
10918,2651,17,16.00,21.00
10919,2651,18,14.00,18.00
10920,2652,1,20.00,24.00
10921,2652,2,11.00,21.00
10922,2652,3,0.00,0.00
10923,2653,10,6.00,18.00
10924,2653,11,4.00,17.00
10925,2653,12,8.00,20.00
10926,2653,13,7.00,18.00
10927,2653,14,4.00,13.00
10928,2654,4,6.00,14.00
10929,2654,5,6.00,14.00
10930,2654,6,9.00,16.00
10931,2654,7,6.00,11.00
10932,2654,8,7.00,13.00
10933,2654,9,6.00,12.00
10934,2655,1,17.00,24.00
10935,2655,2,15.00,21.00
10936,2655,3,0.00,0.00
10937,2656,15,6.00,12.00
10938,2656,16,13.00,14.00
10939,2656,17,13.00,21.00
10940,2656,18,12.00,18.00
10941,2657,10,6.00,18.00
10942,2657,11,5.00,17.00
10943,2657,12,6.00,20.00
10944,2657,13,10.00,18.00
10945,2657,14,7.00,13.00
10946,2658,4,13.00,14.00
10947,2658,5,7.00,14.00
10948,2658,6,8.00,16.00
10949,2658,7,6.00,11.00
10950,2658,8,8.00,13.00
10951,2658,9,7.00,12.00
10952,2659,15,7.00,12.00
10953,2659,16,7.00,14.00
10954,2659,17,10.00,21.00
10955,2659,18,13.00,18.00
10956,2660,1,12.00,24.00
10957,2660,2,10.00,21.00
10958,2660,3,0.00,0.00
10959,2661,10,10.00,18.00
10960,2661,11,10.00,17.00
10961,2661,12,14.00,20.00
10962,2661,13,5.00,18.00
10963,2661,14,4.00,13.00
10964,2662,4,10.00,14.00
10965,2662,5,6.00,14.00
10966,2662,6,7.00,16.00
10967,2662,7,4.00,11.00
10968,2662,8,7.00,13.00
10969,2662,9,6.00,12.00
10970,2663,15,8.00,12.00
10971,2663,16,9.00,14.00
10972,2663,17,5.00,21.00
10973,2663,18,14.00,18.00
10974,2664,1,4.00,24.00
10975,2664,2,3.00,21.00
10976,2664,3,0.00,0.00
10977,2665,10,4.00,18.00
10978,2665,11,4.00,17.00
10979,2665,12,5.00,20.00
10980,2665,13,15.00,18.00
10981,2665,14,12.00,13.00
10982,2666,10,6.00,18.00
10983,2666,11,5.00,17.00
10984,2666,12,7.00,20.00
10985,2666,13,1.00,18.00
10986,2666,14,1.00,13.00
10987,2667,10,10.00,18.00
10988,2667,11,5.00,17.00
10989,2667,12,10.00,20.00
10990,2667,13,4.00,18.00
10991,2667,14,3.00,13.00
10992,2668,10,7.00,18.00
10993,2668,11,6.00,17.00
10994,2668,12,8.00,20.00
10995,2668,13,2.00,18.00
10996,2668,14,11.00,13.00
10997,2669,4,3.00,14.00
10998,2669,5,3.00,14.00
10999,2669,6,3.00,16.00
11000,2669,7,3.00,11.00
11001,2669,8,11.00,13.00
11002,2669,9,10.00,12.00
11003,2670,15,5.00,12.00
11004,2670,16,10.00,14.00
11005,2670,17,17.00,21.00
11006,2670,18,15.00,18.00
11007,2671,1,24.00,24.00
11008,2671,2,17.00,21.00
11009,2671,3,0.00,0.00
11010,2672,10,6.00,18.00
11011,2672,11,5.00,17.00
11012,2672,12,1.00,20.00
11013,2672,13,1.00,18.00
11014,2672,14,2.00,13.00
11015,2673,4,6.00,14.00
11016,2673,5,5.00,14.00
11017,2673,6,6.00,16.00
11018,2673,7,6.00,11.00
11019,2673,8,7.00,13.00
11020,2673,9,6.00,12.00
11021,2674,15,6.00,12.00
11022,2674,16,7.00,14.00
11023,2674,17,10.00,21.00
11024,2674,18,8.00,18.00
11025,2675,1,17.00,24.00
11026,2675,2,6.00,21.00
11027,2675,3,0.00,0.00
11028,2676,10,3.00,18.00
11029,2676,11,3.00,17.00
11030,2676,12,4.00,20.00
11031,2676,13,2.00,18.00
11032,2676,14,3.00,13.00
11033,2677,4,10.00,14.00
11034,2677,5,10.00,14.00
11035,2677,6,10.00,16.00
11036,2677,7,6.00,11.00
11037,2677,8,8.00,13.00
11038,2677,9,4.00,12.00
11039,2678,1,8.00,24.00
11040,2678,2,13.00,21.00
11041,2678,3,0.00,0.00
11042,2679,15,6.00,12.00
11043,2679,16,7.00,14.00
11044,2679,17,10.00,21.00
11045,2679,18,9.00,18.00
11046,2680,10,7.00,18.00
11047,2680,11,5.00,17.00
11048,2680,12,1.00,20.00
11049,2680,13,4.00,18.00
11050,2680,14,2.00,13.00
11051,2681,10,2.00,18.00
11052,2681,11,2.00,17.00
11053,2681,12,6.00,20.00
11054,2681,13,5.00,18.00
11055,2681,14,3.00,13.00
11056,2682,1,9.00,24.00
11057,2682,2,2.00,21.00
11058,2682,3,0.00,0.00
11059,2683,4,7.00,14.00
11060,2683,5,10.00,14.00
11061,2683,6,10.00,16.00
11062,2683,7,4.00,11.00
11063,2683,8,9.00,13.00
11064,2683,9,8.00,12.00
11065,2684,15,2.00,12.00
11066,2684,16,2.00,14.00
11067,2684,17,6.00,21.00
11068,2684,18,5.00,18.00
11069,2685,10,5.00,18.00
11070,2685,11,5.00,17.00
11071,2685,12,16.00,20.00
11072,2685,13,14.00,18.00
11073,2685,14,6.00,13.00
11074,2686,15,6.00,12.00
11075,2686,16,7.00,14.00
11076,2686,17,11.00,21.00
11077,2686,18,13.00,18.00
11078,2687,4,12.00,14.00
11079,2687,5,12.00,14.00
11080,2687,6,8.00,16.00
11081,2687,7,10.00,11.00
11082,2687,8,12.00,13.00
11083,2687,9,11.00,12.00
11084,2688,1,15.00,24.00
11085,2688,2,13.00,21.00
11086,2688,3,0.00,0.00
11087,2689,10,13.00,18.00
11088,2689,11,12.00,17.00
11089,2689,12,14.00,20.00
11090,2689,13,16.00,18.00
11091,2689,14,10.00,13.00
11092,2690,4,9.00,14.00
11093,2690,5,8.00,14.00
11094,2690,6,9.00,16.00
11095,2690,7,6.00,11.00
11096,2690,8,7.00,13.00
11097,2690,9,9.00,12.00
11098,2691,1,17.00,24.00
11099,2691,2,14.00,21.00
11100,2691,3,0.00,0.00
11101,2692,15,10.00,12.00
11102,2692,16,7.00,14.00
11103,2692,17,11.00,21.00
11104,2692,18,10.00,18.00
11105,2693,10,13.00,18.00
11106,2693,11,12.00,17.00
11107,2693,12,5.00,20.00
11108,2693,13,14.00,18.00
11109,2693,14,5.00,13.00
11110,2694,4,8.00,14.00
11111,2694,5,7.00,14.00
11112,2694,6,8.00,16.00
11113,2694,7,5.00,11.00
11114,2694,8,8.00,13.00
11115,2694,9,7.00,12.00
11116,2695,15,2.00,12.00
11117,2695,16,2.00,14.00
11118,2695,17,6.00,21.00
11119,2695,18,5.00,18.00
11120,2696,1,9.00,24.00
11121,2696,2,7.00,21.00
11122,2696,3,0.00,0.00
11123,2697,10,5.00,18.00
11124,2697,11,4.00,17.00
11125,2697,12,5.00,20.00
11126,2697,13,5.00,18.00
11127,2697,14,5.00,13.00
11128,2698,10,6.00,18.00
11129,2698,11,5.00,17.00
11130,2698,12,5.00,20.00
11131,2698,13,7.00,18.00
11132,2698,14,5.00,13.00
11133,2699,10,11.00,18.00
11134,2699,11,10.00,17.00
11135,2699,12,4.00,20.00
11136,2699,13,8.00,18.00
11137,2699,14,5.00,13.00
11138,2700,4,3.00,14.00
11139,2700,5,5.00,14.00
11140,2700,6,7.00,16.00
11141,2700,7,2.00,11.00
11142,2700,8,2.00,13.00
11143,2700,9,4.00,12.00
11144,2701,15,5.00,12.00
11145,2701,16,6.00,14.00
11146,2701,17,7.00,21.00
11147,2701,18,1.00,18.00
11148,2702,1,14.00,24.00
11149,2702,2,12.00,21.00
11150,2702,3,0.00,0.00
11151,2703,10,2.00,18.00
11152,2703,11,1.00,17.00
11153,2703,12,4.00,20.00
11154,2703,13,4.00,18.00
11155,2703,14,2.00,13.00
11156,2704,10,8.00,18.00
11157,2704,11,7.00,17.00
11158,2704,12,3.00,20.00
11159,2704,13,3.00,18.00
11160,2704,14,4.00,13.00
11161,2705,4,4.00,14.00
11162,2705,5,6.00,14.00
11163,2705,6,7.00,16.00
11164,2705,7,3.00,11.00
11165,2705,8,4.00,13.00
11166,2705,9,1.00,12.00
11167,2706,15,3.00,12.00
11168,2706,16,3.00,14.00
11169,2706,17,3.00,21.00
11170,2706,18,3.00,18.00
11171,2707,1,7.00,24.00
11172,2707,2,5.00,21.00
11173,2707,3,0.00,0.00
11174,2708,10,7.00,18.00
11175,2708,11,6.00,17.00
11176,2708,12,2.00,20.00
11177,2708,13,2.00,18.00
11178,2708,14,1.00,13.00
11179,2709,15,2.00,12.00
11180,2709,16,4.00,14.00
11181,2709,17,7.00,21.00
11182,2709,18,6.00,18.00
11183,2710,4,8.00,14.00
11184,2710,5,4.00,14.00
11185,2710,6,7.00,16.00
11186,2710,7,5.00,11.00
11187,2710,8,6.00,13.00
11188,2710,9,8.00,12.00
11189,2711,1,4.00,24.00
11190,2711,2,4.00,21.00
11191,2711,3,0.00,0.00
11192,2712,10,5.00,18.00
11193,2712,11,7.00,17.00
11194,2712,12,9.00,20.00
11195,2712,13,7.00,18.00
11196,2712,14,4.00,13.00
11197,2713,15,2.00,12.00
11198,2713,16,5.00,14.00
11199,2713,17,5.00,21.00
11200,2713,18,7.00,18.00
11201,2714,10,1.00,18.00
11202,2714,11,1.00,17.00
11203,2714,12,4.00,20.00
11204,2714,13,3.00,18.00
11205,2714,14,2.00,13.00
11206,2715,15,3.00,12.00
11207,2715,16,5.00,14.00
11208,2715,17,8.00,21.00
11209,2715,18,7.00,18.00
11210,2716,4,2.00,14.00
11211,2716,5,1.00,14.00
11212,2716,6,1.00,16.00
11213,2716,7,1.00,11.00
11214,2716,8,2.00,13.00
11215,2716,9,2.00,12.00
11216,2717,4,4.00,14.00
11217,2717,5,6.00,14.00
11218,2717,6,6.00,16.00
11219,2717,7,1.00,11.00
11220,2717,8,5.00,13.00
11221,2717,9,5.00,12.00
11222,2718,1,6.00,24.00
11223,2718,2,5.00,21.00
11224,2718,3,0.00,0.00
11225,2719,10,15.00,18.00
11226,2719,11,8.00,17.00
11227,2719,12,10.00,20.00
11228,2719,13,9.00,18.00
11229,2719,14,8.00,13.00
11230,2720,4,8.00,14.00
11231,2720,5,8.00,14.00
11232,2720,6,10.00,16.00
11233,2720,7,6.00,11.00
11234,2720,8,10.00,13.00
11235,2720,9,9.00,12.00
11236,2721,1,18.00,24.00
11237,2721,2,15.00,21.00
11238,2721,3,0.00,0.00
11239,2722,15,10.00,12.00
11240,2722,16,11.00,14.00
11241,2722,17,17.00,21.00
11242,2722,18,15.00,18.00
11243,2723,10,1.00,18.00
11244,2723,11,3.00,17.00
11245,2723,12,4.00,20.00
11246,2723,13,12.00,18.00
11247,2723,14,2.00,13.00
11248,2724,4,4.00,14.00
11249,2724,5,4.00,14.00
11250,2724,6,4.00,16.00
11251,2724,7,2.00,11.00
11252,2724,8,3.00,13.00
11253,2724,9,5.00,12.00
11254,2725,10,10.00,18.00
11255,2725,11,2.00,17.00
11256,2725,12,1.00,20.00
11257,2725,13,2.00,18.00
11258,2725,14,1.00,13.00
11259,2726,1,7.00,24.00
11260,2726,2,6.00,21.00
11261,2726,3,0.00,0.00
11262,2727,10,7.00,18.00
11263,2727,11,1.00,17.00
11264,2727,12,9.00,20.00
11265,2727,13,8.00,18.00
11266,2727,14,2.00,13.00
11267,2728,10,5.00,18.00
11268,2728,11,4.00,17.00
11269,2728,12,5.00,20.00
11270,2728,13,7.00,18.00
11271,2728,14,1.00,13.00
11272,2729,15,4.00,12.00
11273,2729,16,4.00,14.00
11274,2729,17,6.00,21.00
11275,2729,18,12.00,18.00
11276,2730,4,5.00,14.00
11277,2730,5,1.00,14.00
11278,2730,6,2.00,16.00
11279,2730,7,1.00,11.00
11280,2730,8,1.00,13.00
11281,2730,9,1.00,12.00
11282,2731,15,1.00,12.00
11283,2731,16,2.00,14.00
11284,2731,17,12.00,21.00
11285,2731,18,5.00,18.00
11286,2732,4,6.00,14.00
11287,2732,5,10.00,14.00
11288,2732,6,3.00,16.00
11289,2732,7,3.00,11.00
11290,2732,8,4.00,13.00
11291,2732,9,4.00,12.00
11292,2733,1,16.00,24.00
11293,2733,2,8.00,21.00
11294,2733,3,0.00,0.00
11295,2734,4,1.00,14.00
11296,2734,5,1.00,14.00
11297,2734,6,2.00,16.00
11298,2734,7,1.00,11.00
11299,2734,8,4.00,13.00
11300,2734,9,4.00,12.00
11301,2735,15,10.00,12.00
11302,2735,16,3.00,14.00
11303,2735,17,10.00,21.00
11304,2735,18,14.00,18.00
11305,2736,10,2.00,18.00
11306,2736,11,2.00,17.00
11307,2736,12,2.00,20.00
11308,2736,13,2.00,18.00
11309,2736,14,5.00,13.00
11310,2737,10,3.00,18.00
11311,2737,11,2.00,17.00
11312,2737,12,2.00,20.00
11313,2737,13,5.00,18.00
11314,2737,14,5.00,13.00
11315,2738,10,1.00,18.00
11316,2738,11,1.00,17.00
11317,2738,12,1.00,20.00
11318,2738,13,8.00,18.00
11319,2738,14,5.00,13.00
11320,2739,4,3.00,14.00
11321,2739,5,5.00,14.00
11322,2739,6,3.00,16.00
11323,2739,7,1.00,11.00
11324,2739,8,2.00,13.00
11325,2739,9,4.00,12.00
11326,2740,15,4.00,12.00
11327,2740,16,1.00,14.00
11328,2740,17,9.00,21.00
11329,2740,18,3.00,18.00
11330,2741,1,3.00,24.00
11331,2741,2,5.00,21.00
11332,2741,3,0.00,0.00
11333,2742,10,8.00,18.00
11334,2742,11,7.00,17.00
11335,2742,12,9.00,20.00
11336,2742,13,8.00,18.00
11337,2742,14,5.00,13.00
11338,2743,15,4.00,12.00
11339,2743,16,1.00,14.00
11340,2743,17,11.00,21.00
11341,2743,18,1.00,18.00
11342,2744,10,10.00,18.00
11343,2744,11,3.00,17.00
11344,2744,12,3.00,20.00
11345,2744,13,6.00,18.00
11346,2744,14,12.00,13.00
11347,2745,10,7.00,18.00
11348,2745,11,6.00,17.00
11349,2745,12,8.00,20.00
11350,2745,13,7.00,18.00
11351,2745,14,5.00,13.00
11352,2746,10,1.00,18.00
11353,2746,11,3.00,17.00
11354,2746,12,4.00,20.00
11355,2746,13,2.00,18.00
11356,2746,14,4.00,13.00
11357,2747,4,3.00,14.00
11358,2747,5,3.00,14.00
11359,2747,6,4.00,16.00
11360,2747,7,4.00,11.00
11361,2747,8,4.00,13.00
11362,2747,9,4.00,12.00
11363,2748,10,8.00,18.00
11364,2748,11,7.00,17.00
11365,2748,12,10.00,20.00
11366,2748,13,11.00,18.00
11367,2748,14,2.00,13.00
11368,2749,4,2.00,14.00
11369,2749,5,4.00,14.00
11370,2749,6,4.00,16.00
11371,2749,7,3.00,11.00
11372,2749,8,10.00,13.00
11373,2749,9,3.00,12.00
11374,2750,15,4.00,12.00
11375,2750,16,1.00,14.00
11376,2750,17,10.00,21.00
11377,2750,18,11.00,18.00
11378,2751,15,5.00,12.00
11379,2751,16,6.00,14.00
11380,2751,17,11.00,21.00
11381,2751,18,15.00,18.00
11382,2752,4,3.00,14.00
11383,2752,5,3.00,14.00
11384,2752,6,6.00,16.00
11385,2752,7,4.00,11.00
11386,2752,8,5.00,13.00
11387,2752,9,5.00,12.00
11388,2753,15,4.00,12.00
11389,2753,16,1.00,14.00
11390,2753,17,1.00,21.00
11391,2753,18,4.00,18.00
11392,2754,4,3.00,14.00
11393,2754,5,2.00,14.00
11394,2754,6,4.00,16.00
11395,2754,7,3.00,11.00
11396,2754,8,3.00,13.00
11397,2754,9,5.00,12.00
11398,2755,1,17.00,24.00
11399,2755,2,13.00,21.00
11400,2755,3,0.00,0.00
11401,2756,4,1.00,14.00
11402,2756,5,6.00,14.00
11403,2756,6,3.00,16.00
11404,2756,7,3.00,11.00
11405,2756,8,3.00,13.00
11406,2756,9,5.00,12.00
11407,2757,10,11.00,18.00
11408,2757,11,4.00,17.00
11409,2757,12,4.00,20.00
11410,2757,13,4.00,18.00
11411,2757,14,4.00,13.00
11412,2758,15,3.00,12.00
11413,2758,16,4.00,14.00
11414,2758,17,6.00,21.00
11415,2758,18,5.00,18.00
11416,2759,1,17.00,24.00
11417,2759,2,15.00,21.00
11418,2759,3,0.00,0.00
11419,2760,10,12.00,18.00
11420,2760,11,9.00,17.00
11421,2760,12,11.00,20.00
11422,2760,13,10.00,18.00
11423,2760,14,12.00,13.00
11424,2761,4,7.00,14.00
11425,2761,5,7.00,14.00
11426,2761,6,15.00,16.00
11427,2761,7,10.00,11.00
11428,2761,8,8.00,13.00
11429,2761,9,7.00,12.00
11430,2762,1,17.00,24.00
11431,2762,2,19.00,21.00
11432,2762,3,0.00,0.00
11433,2763,15,6.00,12.00
11434,2763,16,7.00,14.00
11435,2763,17,12.00,21.00
11436,2763,18,11.00,18.00
11437,2764,4,8.00,14.00
11438,2764,5,8.00,14.00
11439,2764,6,9.00,16.00
11440,2764,7,5.00,11.00
11441,2764,8,6.00,13.00
11442,2764,9,6.00,12.00
11443,2765,10,10.00,18.00
11444,2765,11,9.00,17.00
11445,2765,12,19.00,20.00
11446,2765,13,17.00,18.00
11447,2765,14,8.00,13.00
11448,2766,15,6.00,12.00
11449,2766,16,7.00,14.00
11450,2766,17,16.00,21.00
11451,2766,18,12.00,18.00
11452,2767,1,5.00,24.00
11453,2767,2,16.00,21.00
11454,2767,3,0.00,0.00
11455,2768,4,7.00,14.00
11456,2768,5,7.00,14.00
11457,2768,6,11.00,16.00
11458,2768,7,6.00,11.00
11459,2768,8,8.00,13.00
11460,2768,9,4.00,12.00
11461,2769,10,11.00,18.00
11462,2769,11,10.00,17.00
11463,2769,12,15.00,20.00
11464,2769,13,14.00,18.00
11465,2769,14,8.00,13.00
11466,2770,15,7.00,12.00
11467,2770,16,9.00,14.00
11468,2770,17,17.00,21.00
11469,2770,18,14.00,18.00
11470,2771,1,14.00,24.00
11471,2771,2,15.00,21.00
11472,2771,3,0.00,0.00
11473,2772,4,12.00,14.00
11474,2772,5,12.00,14.00
11475,2772,6,8.00,16.00
11476,2772,7,5.00,11.00
11477,2772,8,7.00,13.00
11478,2772,9,7.00,12.00
11479,2773,15,7.00,12.00
11480,2773,16,7.00,14.00
11481,2773,17,10.00,21.00
11482,2773,18,13.00,18.00
11483,2774,1,15.00,24.00
11484,2774,2,13.00,21.00
11485,2774,3,0.00,0.00
11486,2775,10,12.00,18.00
11487,2775,11,11.00,17.00
11488,2775,12,13.00,20.00
11489,2775,13,12.00,18.00
11490,2775,14,7.00,13.00
11491,2776,4,8.00,14.00
11492,2776,5,6.00,14.00
11493,2776,6,7.00,16.00
11494,2776,7,5.00,11.00
11495,2776,8,9.00,13.00
11496,2776,9,6.00,12.00
11497,2777,1,22.00,24.00
11498,2777,2,19.00,21.00
11499,2777,3,0.00,0.00
11500,2778,15,10.00,12.00
11501,2778,16,7.00,14.00
11502,2778,17,10.00,21.00
11503,2778,18,9.00,18.00
11522,2783,10,12.00,18.00
11523,2783,11,11.00,17.00
11524,2783,12,17.00,20.00
11525,2783,13,15.00,18.00
11526,2783,14,11.00,13.00
11527,2784,4,7.00,14.00
11528,2784,5,13.00,14.00
11529,2784,6,15.00,16.00
11530,2784,7,10.00,11.00
11531,2784,8,8.00,13.00
11532,2784,9,7.00,12.00
11533,2785,1,6.00,24.00
11534,2785,2,6.00,21.00
11535,2785,3,0.00,0.00
11536,2786,15,10.00,12.00
11537,2786,16,12.00,14.00
11538,2786,17,10.00,21.00
11539,2786,18,9.00,18.00
11540,2787,10,11.00,18.00
11541,2787,11,10.00,17.00
11542,2787,12,12.00,20.00
11543,2787,13,11.00,18.00
11544,2787,14,7.00,13.00
11545,2788,4,10.00,14.00
11546,2788,5,10.00,14.00
11547,2788,6,11.00,16.00
11548,2788,7,7.00,11.00
11549,2788,8,9.00,13.00
11550,2788,9,8.00,12.00
11551,2789,1,10.00,24.00
11552,2789,2,6.00,21.00
11553,2789,3,0.00,0.00
11554,2790,15,6.00,12.00
11555,2790,16,9.00,14.00
11556,2790,17,14.00,21.00
11557,2790,18,10.00,18.00
11558,2791,4,11.00,14.00
11559,2791,5,11.00,14.00
11560,2791,6,12.00,16.00
11561,2791,7,7.00,11.00
11562,2791,8,8.00,13.00
11563,2791,9,8.00,12.00
11564,2792,10,15.00,18.00
11565,2792,11,9.00,17.00
11566,2792,12,11.00,20.00
11567,2792,13,17.00,18.00
11568,2792,14,12.00,13.00
11569,2793,1,15.00,24.00
11570,2793,2,13.00,21.00
11571,2793,3,0.00,0.00
11572,2794,15,6.00,12.00
11573,2794,16,10.00,14.00
11574,2794,17,15.00,21.00
11575,2794,18,13.00,18.00
11576,2795,4,13.00,14.00
11577,2795,5,13.00,14.00
11578,2795,6,13.00,16.00
11579,2795,7,9.00,11.00
11580,2795,8,11.00,13.00
11581,2795,9,10.00,12.00
11582,2796,10,9.00,18.00
11583,2796,11,8.00,17.00
11584,2796,12,10.00,20.00
11585,2796,13,9.00,18.00
11586,2796,14,12.00,13.00
11587,2797,1,15.00,24.00
11588,2797,2,12.00,21.00
11589,2797,3,0.00,0.00
11590,2798,15,9.00,12.00
11591,2798,16,10.00,14.00
11592,2798,17,15.00,21.00
11593,2798,18,13.00,18.00
11594,2799,10,13.00,18.00
11595,2799,11,12.00,17.00
11596,2799,12,14.00,20.00
11597,2799,13,11.00,18.00
11598,2799,14,7.00,13.00
11599,2800,4,6.00,14.00
11600,2800,5,6.00,14.00
11601,2800,6,7.00,16.00
11602,2800,7,5.00,11.00
11603,2800,8,8.00,13.00
11604,2800,9,7.00,12.00
11605,2801,1,6.00,24.00
11606,2801,2,5.00,21.00
11607,2801,3,0.00,0.00
11608,2802,15,11.00,12.00
11609,2802,16,9.00,14.00
11610,2802,17,13.00,21.00
11611,2802,18,11.00,18.00
11612,2803,10,5.00,18.00
11613,2803,11,4.00,17.00
11614,2803,12,5.00,20.00
11615,2803,13,5.00,18.00
11616,2803,14,3.00,13.00
11617,2804,4,6.00,14.00
11618,2804,5,6.00,14.00
11619,2804,6,7.00,16.00
11620,2804,7,3.00,11.00
11621,2804,8,4.00,13.00
11622,2804,9,4.00,12.00
11623,2805,15,1.00,12.00
11624,2805,16,1.00,14.00
11625,2805,17,1.00,21.00
11626,2805,18,1.00,18.00
11627,2806,1,3.00,24.00
11628,2806,2,3.00,21.00
11629,2806,3,0.00,0.00
11648,2811,10,10.00,18.00
11649,2811,11,9.00,17.00
11650,2811,12,9.00,20.00
11651,2811,13,8.00,18.00
11652,2811,14,8.00,13.00
11653,2812,4,4.00,14.00
11654,2812,5,4.00,14.00
11655,2812,6,5.00,16.00
11656,2812,7,4.00,11.00
11657,2812,8,4.00,13.00
11658,2812,9,8.00,12.00
11659,2813,1,11.00,24.00
11660,2813,2,9.00,21.00
11661,2813,3,0.00,0.00
11662,2814,15,6.00,12.00
11663,2814,16,8.00,14.00
11664,2814,17,11.00,21.00
11665,2814,18,10.00,18.00
11666,2815,10,7.00,18.00
11667,2815,11,7.00,17.00
11668,2815,12,8.00,20.00
11669,2815,13,7.00,18.00
11670,2815,14,4.00,13.00
11671,2816,15,7.00,12.00
11672,2816,16,4.00,14.00
11673,2816,17,16.00,21.00
11674,2816,18,13.00,18.00
11675,2817,4,8.00,14.00
11676,2817,5,11.00,14.00
11677,2817,6,11.00,16.00
11678,2817,7,7.00,11.00
11679,2817,8,11.00,13.00
11680,2817,9,10.00,12.00
11681,2818,1,15.00,24.00
11682,2818,2,13.00,21.00
11683,2818,3,0.00,0.00
11684,2819,10,4.00,18.00
11685,2819,11,4.00,17.00
11686,2819,12,4.00,20.00
11687,2819,13,4.00,18.00
11688,2819,14,6.00,13.00
11689,2820,4,8.00,14.00
11690,2820,5,8.00,14.00
11691,2820,6,9.00,16.00
11692,2820,7,6.00,11.00
11693,2820,8,7.00,13.00
11694,2820,9,9.00,12.00
11695,2821,15,8.00,12.00
11696,2821,16,9.00,14.00
11697,2821,17,18.00,21.00
11698,2821,18,15.00,18.00
11699,2822,1,13.00,24.00
11700,2822,2,11.00,21.00
11701,2822,3,0.00,0.00
11702,2823,4,13.00,14.00
11703,2823,5,13.00,14.00
11704,2823,6,14.00,16.00
11705,2823,7,10.00,11.00
11706,2823,8,12.00,13.00
11707,2823,9,10.00,12.00
11708,2824,15,6.00,12.00
11709,2824,16,7.00,14.00
11710,2824,17,10.00,21.00
11711,2824,18,9.00,18.00
11712,2825,10,17.00,18.00
11713,2825,11,10.00,17.00
11714,2825,12,16.00,20.00
11715,2825,13,14.00,18.00
11716,2825,14,10.00,13.00
11717,2826,1,17.00,24.00
11718,2826,2,18.00,21.00
11719,2826,3,0.00,0.00
11720,2827,10,6.00,18.00
11721,2827,11,5.00,17.00
11722,2827,12,4.00,20.00
11723,2827,13,3.00,18.00
11724,2827,14,2.00,13.00
11725,2828,10,2.00,18.00
11726,2828,11,2.00,17.00
11727,2828,12,2.00,20.00
11728,2828,13,2.00,18.00
11729,2828,14,2.00,13.00
11730,2829,15,3.00,12.00
11731,2829,16,4.00,14.00
11732,2829,17,4.00,21.00
11733,2829,18,7.00,18.00
11734,2830,4,1.00,14.00
11735,2830,5,6.00,14.00
11736,2830,6,7.00,16.00
11737,2830,7,4.00,11.00
11738,2830,8,2.00,13.00
11739,2830,9,2.00,12.00
11740,2831,1,2.00,24.00
11741,2831,2,5.00,21.00
11742,2831,3,0.00,0.00
11743,2832,10,13.00,18.00
11744,2832,11,11.00,17.00
11745,2832,12,13.00,20.00
11746,2832,13,4.00,18.00
11747,2832,14,4.00,13.00
11748,2833,4,10.00,14.00
11749,2833,5,10.00,14.00
11750,2833,6,12.00,16.00
11751,2833,7,5.00,11.00
11752,2833,8,5.00,13.00
11753,2833,9,7.00,12.00
11754,2834,15,6.00,12.00
11755,2834,16,9.00,14.00
11756,2834,17,15.00,21.00
11757,2834,18,11.00,18.00
11758,2835,1,1.00,24.00
11759,2835,2,1.00,21.00
11760,2835,3,0.00,0.00
11761,2836,4,5.00,14.00
11762,2836,5,5.00,14.00
11763,2836,6,5.00,16.00
11764,2836,7,6.00,11.00
11765,2836,8,7.00,13.00
11766,2836,9,5.00,12.00
11767,2837,10,10.00,18.00
11768,2837,11,9.00,17.00
11769,2837,12,11.00,20.00
11770,2837,13,10.00,18.00
11771,2837,14,12.00,13.00
11772,2838,15,5.00,12.00
11773,2838,16,6.00,14.00
11774,2838,17,6.00,21.00
11775,2838,18,5.00,18.00
11776,2839,1,6.00,24.00
11777,2839,2,16.00,21.00
11778,2839,3,0.00,0.00
11779,2840,10,11.00,18.00
11780,2840,11,11.00,17.00
11781,2840,12,13.00,20.00
11782,2840,13,11.00,18.00
11783,2840,14,8.00,13.00
11784,2841,15,4.00,12.00
11785,2841,16,4.00,14.00
11786,2841,17,4.00,21.00
11787,2841,18,4.00,18.00
11788,2842,4,13.00,14.00
11789,2842,5,13.00,14.00
11790,2842,6,15.00,16.00
11791,2842,7,10.00,11.00
11792,2842,8,12.00,13.00
11793,2842,9,11.00,12.00
11794,2843,1,8.00,24.00
11795,2843,2,7.00,21.00
11796,2843,3,0.00,0.00
11797,2844,10,6.00,18.00
11798,2844,11,6.00,17.00
11799,2844,12,11.00,20.00
11800,2844,13,10.00,18.00
11801,2844,14,7.00,13.00
11802,2845,4,11.00,14.00
11803,2845,5,10.00,14.00
11804,2845,6,11.00,16.00
11805,2845,7,7.00,11.00
11806,2845,8,9.00,13.00
11807,2845,9,8.00,12.00
11808,2846,1,21.00,24.00
11809,2846,2,18.00,21.00
11810,2846,3,0.00,0.00
11811,2847,15,8.00,12.00
11812,2847,16,9.00,14.00
11813,2847,17,13.00,21.00
11814,2847,18,12.00,18.00
11815,2848,10,2.00,18.00
11816,2848,11,2.00,17.00
11817,2848,12,2.00,20.00
11818,2848,13,2.00,18.00
11819,2848,14,1.00,13.00
11820,2849,15,3.00,12.00
11821,2849,16,4.00,14.00
11822,2849,17,6.00,21.00
11823,2849,18,5.00,18.00
11824,2850,15,2.00,12.00
11825,2850,16,3.00,14.00
11826,2850,17,4.00,21.00
11827,2850,18,4.00,18.00
11828,2851,10,7.00,18.00
11829,2851,11,6.00,17.00
11830,2851,12,7.00,20.00
11831,2851,13,7.00,18.00
11832,2851,14,4.00,13.00
11833,2852,4,1.00,14.00
11834,2852,5,1.00,14.00
11835,2852,6,1.00,16.00
11836,2852,7,1.00,11.00
11837,2852,8,1.00,13.00
11838,2852,9,1.00,12.00
11839,2853,4,6.00,14.00
11840,2853,5,6.00,14.00
11841,2853,6,7.00,16.00
11842,2853,7,4.00,11.00
11843,2853,8,5.00,13.00
11844,2853,9,5.00,12.00
11845,2854,1,4.00,24.00
11846,2854,2,3.00,21.00
11847,2854,3,0.00,0.00
11848,2855,4,1.00,14.00
11849,2855,5,1.00,14.00
11850,2855,6,2.00,16.00
11851,2855,7,1.00,11.00
11852,2855,8,1.00,13.00
11853,2855,9,1.00,12.00
11854,2856,10,5.00,18.00
11855,2856,11,9.00,17.00
11856,2856,12,10.00,20.00
11857,2856,13,9.00,18.00
11858,2856,14,7.00,13.00
11859,2857,1,6.00,24.00
11860,2857,2,5.00,21.00
11861,2857,3,0.00,0.00
11862,2858,15,11.00,12.00
11863,2858,16,13.00,14.00
11864,2858,17,19.00,21.00
11865,2858,18,16.00,18.00
11866,2859,10,13.00,18.00
11867,2859,11,5.00,17.00
11868,2859,12,7.00,20.00
11869,2859,13,15.00,18.00
11870,2859,14,1.00,13.00
11871,2860,15,11.00,12.00
11872,2860,16,10.00,14.00
11873,2860,17,14.00,21.00
11874,2860,18,15.00,18.00
11875,2861,4,13.00,14.00
11876,2861,5,14.00,14.00
11877,2861,6,13.00,16.00
11878,2861,7,7.00,11.00
11879,2861,8,10.00,13.00
11880,2861,9,8.00,12.00
11881,2862,1,21.00,24.00
11882,2862,2,17.00,21.00
11883,2862,3,0.00,0.00
11884,2863,10,5.00,18.00
11885,2863,11,5.00,17.00
11886,2863,12,6.00,20.00
11887,2863,13,5.00,18.00
11888,2863,14,4.00,13.00
11889,2864,4,7.00,14.00
11890,2864,5,7.00,14.00
11891,2864,6,8.00,16.00
11892,2864,7,5.00,11.00
11893,2864,8,6.00,13.00
11894,2864,9,6.00,12.00
11895,2865,1,9.00,24.00
11896,2865,2,8.00,21.00
11897,2865,3,0.00,0.00
11898,2866,15,10.00,12.00
11899,2866,16,12.00,14.00
11900,2866,17,18.00,21.00
11901,2866,18,14.00,18.00
11902,2867,10,6.00,18.00
11903,2867,11,5.00,17.00
11904,2867,12,6.00,20.00
11905,2867,13,6.00,18.00
11906,2867,14,4.00,13.00
11907,2868,10,4.00,18.00
11908,2868,11,7.00,17.00
11909,2868,12,8.00,20.00
11910,2868,13,7.00,18.00
11911,2868,14,6.00,13.00
11912,2869,1,3.00,24.00
11913,2869,2,2.00,21.00
11914,2869,3,0.00,0.00
11915,2870,4,5.00,14.00
11916,2870,5,5.00,14.00
11917,2870,6,5.00,16.00
11918,2870,7,6.00,11.00
11919,2870,8,7.00,13.00
11920,2870,9,6.00,12.00
11921,2871,15,6.00,12.00
11922,2871,16,7.00,14.00
11923,2871,17,11.00,21.00
11924,2871,18,8.00,18.00
11925,2872,4,9.00,14.00
11926,2872,5,9.00,14.00
11927,2872,6,11.00,16.00
11928,2872,7,9.00,11.00
11929,2872,8,11.00,13.00
11930,2872,9,10.00,12.00
11931,2873,10,15.00,18.00
11932,2873,11,14.00,17.00
11933,2873,12,17.00,20.00
11934,2873,13,9.00,18.00
11935,2873,14,6.00,13.00
11936,2874,1,13.00,24.00
11937,2874,2,11.00,21.00
11938,2874,3,0.00,0.00
11939,2875,15,11.00,12.00
11940,2875,16,13.00,14.00
11941,2875,17,20.00,21.00
11942,2875,18,17.00,18.00
11943,2876,10,11.00,18.00
11944,2876,11,10.00,17.00
11945,2876,12,13.00,20.00
11946,2876,13,11.00,18.00
11947,2876,14,8.00,13.00
11948,2877,4,7.00,14.00
11949,2877,5,7.00,14.00
11950,2877,6,9.00,16.00
11951,2877,7,5.00,11.00
11952,2877,8,6.00,13.00
11953,2877,9,6.00,12.00
11954,2878,1,17.00,24.00
11955,2878,2,15.00,21.00
11956,2878,3,0.00,0.00
11957,2879,15,11.00,12.00
11958,2879,16,13.00,14.00
11959,2879,17,19.00,21.00
11960,2879,18,16.00,18.00
11961,2880,10,11.00,18.00
11962,2880,11,10.00,17.00
11963,2880,12,13.00,20.00
11964,2880,13,11.00,18.00
11965,2880,14,8.00,13.00
11966,2881,4,4.00,14.00
11967,2881,5,4.00,14.00
11968,2881,6,4.00,16.00
11969,2881,7,4.00,11.00
11970,2881,8,4.00,13.00
11971,2881,9,8.00,12.00
11972,2882,15,11.00,12.00
11973,2882,16,13.00,14.00
11974,2882,17,19.00,21.00
11975,2882,18,17.00,18.00
11976,2883,1,14.00,24.00
11977,2883,2,12.00,21.00
11978,2883,3,0.00,0.00
11979,2884,10,5.00,18.00
11980,2884,11,5.00,17.00
11981,2884,12,6.00,20.00
11982,2884,13,5.00,18.00
11983,2884,14,3.00,13.00
11984,2885,4,3.00,14.00
11985,2885,5,3.00,14.00
11986,2885,6,4.00,16.00
11987,2885,7,4.00,11.00
11988,2885,8,5.00,13.00
11989,2885,9,5.00,12.00
11990,2886,15,5.00,12.00
11991,2886,16,5.00,14.00
11992,2886,17,8.00,21.00
11993,2886,18,6.00,18.00
11994,2887,1,8.00,24.00
11995,2887,2,9.00,21.00
11996,2887,3,0.00,0.00
11997,2888,10,12.00,18.00
11998,2888,11,11.00,17.00
11999,2888,12,13.00,20.00
12000,2888,13,12.00,18.00
12001,2888,14,8.00,13.00
12002,2889,4,5.00,14.00
12003,2889,5,5.00,14.00
12004,2889,6,5.00,16.00
12005,2889,7,4.00,11.00
12006,2889,8,5.00,13.00
12007,2889,9,6.00,12.00
12008,2890,15,6.00,12.00
12009,2890,16,7.00,14.00
12010,2890,17,11.00,21.00
12011,2890,18,8.00,18.00
12012,2891,1,5.00,24.00
12013,2891,2,7.00,21.00
12014,2891,3,0.00,0.00
12015,2892,10,15.00,18.00
12016,2892,11,14.00,17.00
12017,2892,12,19.00,20.00
12018,2892,13,17.00,18.00
12019,2892,14,12.00,13.00
12020,2893,1,4.00,24.00
12021,2893,2,3.00,21.00
12022,2893,3,0.00,0.00
12023,2894,15,5.00,12.00
12024,2894,16,4.00,14.00
12025,2894,17,5.00,21.00
12026,2894,18,5.00,18.00
12027,2895,4,7.00,14.00
12028,2895,5,10.00,14.00
12029,2895,6,11.00,16.00
12030,2895,7,7.00,11.00
12031,2895,8,9.00,13.00
12032,2895,9,8.00,12.00
12033,2896,10,16.00,18.00
12034,2896,11,15.00,17.00
12035,2896,12,18.00,20.00
12036,2896,13,16.00,18.00
12037,2896,14,11.00,13.00
12038,2897,4,12.00,14.00
12039,2897,5,11.00,14.00
12040,2897,6,13.00,16.00
12041,2897,7,9.00,11.00
12042,2897,8,10.00,13.00
12043,2897,9,10.00,12.00
12044,2898,15,4.00,12.00
12045,2898,16,4.00,14.00
12046,2898,17,4.00,21.00
12047,2898,18,4.00,18.00
12048,2899,1,12.00,24.00
12049,2899,2,19.00,21.00
12050,2899,3,0.00,0.00
12051,2900,10,16.00,18.00
12052,2900,11,15.00,17.00
12053,2900,12,18.00,20.00
12054,2900,13,16.00,18.00
12055,2900,14,12.00,13.00
12056,2901,4,8.00,14.00
12057,2901,5,8.00,14.00
12058,2901,6,9.00,16.00
12059,2901,7,6.00,11.00
12060,2901,8,7.00,13.00
12061,2901,9,7.00,12.00
12062,2902,15,9.00,12.00
12063,2902,16,11.00,14.00
12064,2902,17,16.00,21.00
12065,2902,18,14.00,18.00
12066,2903,1,17.00,24.00
12067,2903,2,14.00,21.00
12068,2903,3,0.00,0.00
12069,2904,4,12.00,14.00
12070,2904,5,12.00,14.00
12071,2904,6,14.00,16.00
12072,2904,7,9.00,11.00
12073,2904,8,11.00,13.00
12074,2904,9,10.00,12.00
12075,2905,10,14.00,18.00
12076,2905,11,13.00,17.00
12077,2905,12,16.00,20.00
12078,2905,13,14.00,18.00
12079,2905,14,10.00,13.00
12080,2906,1,14.00,24.00
12081,2906,2,12.00,21.00
12082,2906,3,0.00,0.00
12083,2907,15,11.00,12.00
12084,2907,16,13.00,14.00
12085,2907,17,20.00,21.00
12086,2907,18,17.00,18.00
12087,2908,10,3.00,18.00
12088,2908,11,3.00,17.00
12089,2908,12,4.00,20.00
12090,2908,13,3.00,18.00
12091,2908,14,2.00,13.00
12092,2909,10,2.00,18.00
12093,2909,11,2.00,17.00
12094,2909,12,2.00,20.00
12095,2909,13,2.00,18.00
12096,2909,14,1.00,13.00
12097,2910,1,7.00,24.00
12098,2910,2,5.00,21.00
12099,2910,3,0.00,0.00
12100,2911,15,2.00,12.00
12101,2911,16,3.00,14.00
12102,2911,17,4.00,21.00
12103,2911,18,4.00,18.00
12104,2912,4,9.00,14.00
12105,2912,5,9.00,14.00
12106,2912,6,10.00,16.00
12107,2912,7,6.00,11.00
12108,2912,8,8.00,13.00
12109,2912,9,7.00,12.00
12110,2913,10,1.00,18.00
12111,2913,11,7.00,17.00
12112,2913,12,9.00,20.00
12113,2913,13,8.00,18.00
12114,2913,14,5.00,13.00
12115,2914,10,3.00,18.00
12116,2914,11,3.00,17.00
12117,2914,12,3.00,20.00
12118,2914,13,3.00,18.00
12119,2914,14,2.00,13.00
12120,2915,4,1.00,14.00
12121,2915,5,1.00,14.00
12122,2915,6,1.00,16.00
12123,2915,7,1.00,11.00
12124,2915,8,1.00,13.00
12125,2915,9,1.00,12.00
12126,2916,15,3.00,12.00
12127,2916,16,3.00,14.00
12128,2916,17,5.00,21.00
12129,2916,18,4.00,18.00
12130,2917,1,17.00,24.00
12131,2917,2,19.00,21.00
12132,2917,3,0.00,0.00
12133,2918,10,7.00,18.00
12134,2918,11,6.00,17.00
12135,2918,12,7.00,20.00
12136,2918,13,6.00,18.00
12137,2918,14,4.00,13.00
12138,2919,10,6.00,18.00
12139,2919,11,5.00,17.00
12140,2919,12,1.00,20.00
12141,2919,13,1.00,18.00
12142,2919,14,1.00,13.00
12143,2920,15,1.00,12.00
12144,2920,16,1.00,14.00
12145,2920,17,1.00,21.00
12146,2920,18,1.00,18.00
12147,2921,4,10.00,14.00
12148,2921,5,10.00,14.00
12149,2921,6,11.00,16.00
12150,2921,7,7.00,11.00
12151,2921,8,9.00,13.00
12152,2921,9,8.00,12.00
12153,2922,1,8.00,24.00
12154,2922,2,7.00,21.00
12155,2922,3,0.00,0.00
12156,2923,10,10.00,18.00
12157,2923,11,10.00,17.00
12158,2923,12,11.00,20.00
12159,2923,13,10.00,18.00
12160,2923,14,7.00,13.00
12161,2924,4,7.00,14.00
12162,2924,5,7.00,14.00
12163,2924,6,7.00,16.00
12164,2924,7,5.00,11.00
12165,2924,8,6.00,13.00
12166,2924,9,6.00,12.00
12167,2925,1,9.00,24.00
12168,2925,2,8.00,21.00
12169,2925,3,0.00,0.00
12170,2926,15,7.00,12.00
12171,2926,16,8.00,14.00
12172,2926,17,12.00,21.00
12173,2926,18,10.00,18.00
12174,2927,10,10.00,18.00
12175,2927,11,10.00,17.00
12176,2927,12,12.00,20.00
12177,2927,13,14.00,18.00
12178,2927,14,9.00,13.00
12179,2928,4,10.00,14.00
12180,2928,5,6.00,14.00
12181,2928,6,7.00,16.00
12182,2928,7,5.00,11.00
12183,2928,8,6.00,13.00
12184,2928,9,5.00,12.00
12185,2929,15,5.00,12.00
12186,2929,16,5.00,14.00
12187,2929,17,6.00,21.00
12188,2929,18,6.00,18.00
12189,2930,1,7.00,24.00
12190,2930,2,6.00,21.00
12191,2930,3,0.00,0.00
12192,2931,4,10.00,14.00
12193,2931,5,10.00,14.00
12194,2931,6,12.00,16.00
12195,2931,7,8.00,11.00
12196,2931,8,9.00,13.00
12197,2931,9,9.00,12.00
12198,2932,1,10.00,24.00
12199,2932,2,9.00,21.00
12200,2932,3,0.00,0.00
12201,2933,15,10.00,12.00
12202,2933,16,12.00,14.00
12203,2933,17,18.00,21.00
12204,2933,18,15.00,18.00
12205,2934,10,9.00,18.00
12206,2934,11,8.00,17.00
12207,2934,12,10.00,20.00
12208,2934,13,9.00,18.00
12209,2934,14,6.00,13.00
12210,2935,10,8.00,18.00
12211,2935,11,7.00,17.00
12212,2935,12,9.00,20.00
12213,2935,13,8.00,18.00
12214,2935,14,5.00,13.00
12215,2936,4,2.00,14.00
12216,2936,5,2.00,14.00
12217,2936,6,3.00,16.00
12218,2936,7,2.00,11.00
12219,2936,8,2.00,13.00
12220,2936,9,2.00,12.00
12221,2937,15,1.00,12.00
12222,2937,16,1.00,14.00
12223,2937,17,2.00,21.00
12224,2937,18,2.00,18.00
12225,2938,1,2.00,24.00
12226,2938,2,5.00,21.00
12227,2938,3,0.00,0.00
12228,2939,4,3.00,14.00
12229,2939,5,6.00,14.00
12230,2939,6,6.00,16.00
12231,2939,7,4.00,11.00
12232,2939,8,5.00,13.00
12233,2939,9,5.00,12.00
12234,2940,10,15.00,18.00
12235,2940,11,14.00,17.00
12236,2940,12,16.00,20.00
12237,2940,13,15.00,18.00
12238,2940,14,10.00,13.00
12239,2941,4,4.00,14.00
12240,2941,5,4.00,14.00
12241,2941,6,4.00,16.00
12242,2941,7,4.00,11.00
12243,2941,8,4.00,13.00
12244,2941,9,4.00,12.00
12245,2942,15,8.00,12.00
12246,2942,16,10.00,14.00
12247,2942,17,16.00,21.00
12248,2942,18,13.00,18.00
12249,2943,1,18.00,24.00
12250,2943,2,7.00,21.00
12251,2943,3,0.00,0.00
12252,2944,10,6.00,18.00
12253,2944,11,6.00,17.00
12254,2944,12,11.00,20.00
12255,2944,13,10.00,18.00
12256,2944,14,7.00,13.00
12257,2945,4,8.00,14.00
12258,2945,5,7.00,14.00
12259,2945,6,7.00,16.00
12260,2945,7,5.00,11.00
12261,2945,8,6.00,13.00
12262,2945,9,6.00,12.00
12263,2946,15,6.00,12.00
12264,2946,16,9.00,14.00
12265,2946,17,15.00,21.00
12266,2946,18,12.00,18.00
12267,2947,1,19.00,24.00
12268,2947,2,16.00,21.00
12269,2947,3,0.00,0.00
12270,2948,4,6.00,14.00
12271,2948,5,6.00,14.00
12272,2948,6,7.00,16.00
12273,2948,7,4.00,11.00
12274,2948,8,2.00,13.00
12275,2948,9,2.00,12.00
12276,2949,10,12.00,18.00
12277,2949,11,11.00,17.00
12278,2949,12,11.00,20.00
12279,2949,13,10.00,18.00
12280,2949,14,7.00,13.00
12281,2950,1,3.00,24.00
12282,2950,2,2.00,21.00
12283,2950,3,0.00,0.00
12284,2951,15,9.00,12.00
12285,2951,16,10.00,14.00
12286,2951,17,15.00,21.00
12287,2951,18,13.00,18.00
12288,2952,4,9.00,14.00
12289,2952,5,12.00,14.00
12290,2952,6,13.00,16.00
12291,2952,7,9.00,11.00
12292,2952,8,11.00,13.00
12293,2952,9,10.00,12.00
12294,2953,10,9.00,18.00
12295,2953,11,8.00,17.00
12296,2953,12,10.00,20.00
12297,2953,13,9.00,18.00
12298,2953,14,6.00,13.00
12299,2954,1,23.00,24.00
12300,2954,2,20.00,21.00
12301,2954,3,0.00,0.00
12302,2955,15,11.00,12.00
12303,2955,16,9.00,14.00
12304,2955,17,13.00,21.00
12305,2955,18,11.00,18.00
12306,2956,10,5.00,18.00
12307,2956,11,5.00,17.00
12308,2956,12,5.00,20.00
12309,2956,13,5.00,18.00
12310,2956,14,4.00,13.00
12311,2957,4,10.00,14.00
12312,2957,5,10.00,14.00
12313,2957,6,11.00,16.00
12314,2957,7,7.00,11.00
12315,2957,8,9.00,13.00
12316,2957,9,8.00,12.00
12317,2958,1,18.00,24.00
12318,2958,2,15.00,21.00
12319,2958,3,0.00,0.00
12320,2959,15,10.00,12.00
12321,2959,16,11.00,14.00
12322,2959,17,17.00,21.00
12323,2959,18,15.00,18.00
12324,2960,10,1.00,18.00
12325,2960,11,1.00,17.00
12326,2960,12,1.00,20.00
12327,2960,13,1.00,18.00
12328,2960,14,1.00,13.00
12329,2961,15,5.00,12.00
12330,2961,16,6.00,14.00
12331,2961,17,8.00,21.00
12332,2961,18,8.00,18.00
12333,2962,4,2.00,14.00
12334,2962,5,2.00,14.00
12335,2962,6,2.00,16.00
12336,2962,7,1.00,11.00
12337,2962,8,2.00,13.00
12338,2962,9,2.00,12.00
12339,2963,1,7.00,24.00
12340,2963,2,6.00,21.00
12341,2963,3,0.00,0.00
12342,2964,10,4.00,18.00
12343,2964,11,4.00,17.00
12344,2964,12,4.00,20.00
12345,2964,13,4.00,18.00
12346,2964,14,3.00,13.00
12347,2965,4,5.00,14.00
12348,2965,5,5.00,14.00
12349,2965,6,6.00,16.00
12350,2965,7,4.00,11.00
12351,2965,8,4.00,13.00
12352,2965,9,4.00,12.00
12353,2966,1,9.00,24.00
12354,2966,2,6.00,21.00
12355,2966,3,0.00,0.00
12356,2967,15,7.00,12.00
12357,2967,16,8.00,14.00
12358,2967,17,12.00,21.00
12359,2967,18,10.00,18.00
12360,2968,10,8.00,18.00
12361,2968,11,7.00,17.00
12362,2968,12,4.00,20.00
12363,2968,13,3.00,18.00
12364,2968,14,2.00,13.00
